40192646
70548517
61873768
67159392
84147997
32318368
43308555
17163236
25592168
51454453
78089917
88010481
49245903
14771693
83228301
68992883
21030787
51400558
50629422
70437645
96640099
35261327
48590417
12067585
28718638
41790991
19342539
44766858
30448261
67372551
54566629
18307590
32680998
36805421
74695412
46708624
27802361
16924082
26161253
55776352
37384455
67386884
77427911
26403600
78936125
69621533
53415876
10434395
17888446
50145323
94039066
33213390
63925930
62729875
32215004
14931318
31958099
59806183
48440753
52357005
22975829
98541696
86714974
58219615
96887822
69782326
65329482
22440482
40076279
46519677
51190521
14106704
35239305
94853068
43053190
39253214
57833415
32186816
33131458
59097104
88375114
18908144
36878411
80302936
73333484
31353239
54381659
69951121
14590416
69764093
24750524
67996177
68483327
73804246
42800523
38842757
80671909
29208295
29515776
19153799
14292050
40975394
70358114
71368768
98954801
89932361
97974084
69072861
29676685
92961789
57097902
99771281
36674724
89343648
63981890
14067684
71663285
16412038
84886129
75534583
25400667
95378359
17850065
70312185
31769152
83194343
45623376
61435057
62052544
14210432
58581303
38625119
12671040
23977659
54805054
57399719
48550029
65509641
81348134
83401122
33379153
85308797
50274436
21628625
22666191
24979241
41321452
79139678
19822356
38732838
67179470
74259871
44322165
53981192
93753131
18913689
33125328
10045928
49599615
25760457
54308985
46539027
17020316
25466252
44380485
28472782
97100241
22697065
44538594
16582170
65517654
16153643
35063902
11485007
52155429
40091868
55103923
96221438
57645993
16789911
51872890
66483697
51612701
33319706
47030960
84321431
94302953
58689846
30224527
45891364
34274391
48504100
25910026
65587676
39092137
86840125
78288481
34808184
77248139
94193407
27878999
28624387
44601084
13240185
73215182
61025826
49195968
42837157
11825762
63661262
63809765
36903888
52399933
42809704
73887566
87825287
94926324
83700608
78435290
60059052
34169828
48410394
92472537
98647228
82307778
27013554
90243616
69476225
72392869
65315302
61803386
30295738
28973299
63452585
88910911
33248502
31882612
48372515
60104522
86005133
45125463
61465796
56864084
66563263
82081597
97370501
96104165
83100320
91700108
51266849
91913800
94587871
56372893
27189086
70023579
79468603
36151849
45953854
30932406
56201627
70782209
79719742
70444286
46510458
11857876
43514027
17930588
88947347
53898792
50639064
65942674
56553809
33596086
92430156
24933589
72704031
91546309
35909273
26565631
84937275
30909388
17143295
77776115
31126020
73401501
67215514
73922844
11784213
93429004
19442307
97096652
85928757
27440109
13902894
25222923
65405719
91021508
20353625
64705387
48567570
89439912
17156817
39201528
51061044
85324173
45359991
70991785
63942735
12255496
97319547
87922292
10242575
29388223
45995129
35292239
63638913
11943626
49318266
73108956
44642360
69591181
16146375
95518342
44456484
53542410
80013915
39113699
29693191
77207232
59527868
81682521
81192683
71203885
77998059
95497362
23752571
77941766
36715071
45801845
38041510
96223727
19980108
99528715
96109455
31520013
96854077
66540534
81444979
78610654
61584009
63462093
51703242
47244668
30063026
78976387
83293537
21638473
94745043
97518632
15310257
16246291
51298593
86735502
52727626
25637025
16729609
39038688
51390162
50497766
21539667
85697145
75228553
13516420
45067445
48418631
59611072
16617658
99408885
22936470
56688332
23473381
57668719
51082535
25623222
96065774
39979279
43948015
51140858
99021670
22203824
12114097
83196721
39196438
40491587
31795218
54925134
33244605
56801089
80472430
24790404
67815388
25150371
40947212
67070987
75886862
88233538
48186822
12177222
81644393
29365315
76675878
22229586
81808572
50830299
91836875
58577571
10216058
71112279
56661851
85657745
72781593
87897828
52368490
38293941
19425569
12500423
46032115
73024831
23272226
93493496
36366467
59816568
28936455
98146065
88872943
98323008
26721506
84011547
49736358
17832235
91792456
41770792
69496464
79656355
45527945
89884509
11388149
88366137
48654711
73217646
54709075
62132324
10139237
94814684
52008810
79917558
72781880
12653271
57645417
73386438
52201422
75161989
88904995
88150895
92998846
26859310
93293130
83662506
61957355
93513865
41856064
26204510
31375921
48829615
93865287
41010801
28401364
72712133
92765995
29541058
11112274
57665977
34370119
50054579
48784421
74234141
59677331
34121770
56137254
18955385
35541128
24068235
36366129
76349918
65630811
26630466
52865795
81345567
86657507
28668635
96591378
27725641
36408782
55140844
41361581
38504565
40756403
61309620
10949396
20998009
61516193
10069746
19887274
38104358
72274164
94535444
50791869
48850415
49366474
28764705
67181978
69171360
37525251
53001969
67972737
27787829
89838379
55026001
83198803
77234820
88145004
47055796
86054625
74097360
32949679
83386631
31257194
79229274
18692997
20279855
43477738
98367709
33172373
45139245
57439190
35471382
14180960
98261770
14075754
71095366
75838595
14015380
41979093
67892802
61486655
37420018
90200388
83406811
87168106
23573752
48666184
85730400
78110816
33714575
32853003
24460397
24015120
45789913
15154679
88887531
73278249
71562594
40157418
39086618
85286965
68814267
45998986
92386005
95562778
42501355
23606868
91576607
50950246
22103436
11396224
84129624
15076702
28161822
22610704
95529659
93186242
47850381
92061166
95119244
71613670
57747337
30256893
99457797
22286241
42978793
21456262
68391046
93107091
25188222
97817115
14276001
73857960
12892474
82605836
92672387
91421030
97814382
87844032
54666751
99966882
57089576
44780153
66007379
32318350
48723378
19383694
95853296
33179209
19625018
95701288
35427867
79501427
45038173
67472947
37539628
48557374
46541188
80099763
62583985
31045093
55215821
98469515
35762024
24286320
97120222
20271663
12184228
45555985
29938315
14108628
95371858
60006348
47394415
95152360
24524093
22967183
64249512
77139446
73562861
33595098
25602964
45211836
83482072
29486933
72389247
34774572
38819787
45419526
55066207
54115013
54879842
27714618
35260047
33621657
54751061
58620059
19018129
51721059
35198127
38451715
17199466
60297310
13240893
15516389
10329429
75421518
42107011
49885811
52948853
24572445
84307860
69401740
16536902
38988886
15442128
20003984
24987443
16275091
51897071
72345649
81451874
66764700
90489777
75823301
59228785
77657240
34746300
23772757
50401299
65904033
13949053
22528452
51941319
45111146
26395631
65305653
41970943
77965682
29157503
96967727
92667560
88933974
92470671
40493762
69807151
85478100
21177716
96271160
28179529
44747076
43632616
12743038
99823987
62852476
56999839
50434764
69807532
37417591
56287603
32672188
50675217
28334253
99484511
87044818
20623391
71779408
27460421
71425754
22593254
50136473
78033040
47021759
87117586
54929342
79678088
92517898
74294027
59996014
16016150
73750684
66479523
38475139
95593227
15654222
32271417
11206015
22704464
89088841
88111305
75960866
95498120
14553351
31678079
96485314
56292510
74333306
89449462
15425853
29870370
98027741
68017678
49751960
83677905
78043054
66714034
96610856
25625450
54894645
83174387
64481939
76140735
19811517
31401441
82536918
66192663
22200078
32741025
93830288
64773401
19417376
59074944
38371578
83314448
46632387
54638352
73479688
25343679
90632271
98636831
15344781
13068436
68868174
40125644
17988407
15733005
26727563
54797233
27550172
48940187
35660559
85580563
67809818
15914454
33629365
99820129
85686602
83151909
49141160
40292650
44092431
51592281
95619172
50652450
20452993
48952797
39646100
66437511
47045518
33404702
93234344
81267176
34993178
56257812
77829606
61413503
17272560
79685872
23413033
76803913
49465100
67402843
15190853
54890101
39112841
33836812
91265125
32457124
59685082
46812256
68951748
90327777
76202518
60339621
64544399
63752499
17449262
28215724
29672650
69035608
76086903
60290050
17751715
94145468
55705841
54393382
60587384
21552005
38084847
72215861
92547568
16000730
69738876
72337246
90827548
76689586
46401427
50729071
21539608
86616179
57687671
17188976
16752428
10233261
64452952
12906566
15064658
74653556
91713411
24077107
53964240
89056835
60013221
54377424
10717009
89175048
59651128
21045383
99184258
84719458
73249427
79713120
94372275
87469219
54264686
62951018
30588901
13865272
69512071
87854811
27351071
66720190
16676115
43056469
21347937
68897927
53537622
17518453
39692516
52799274
49328723
85933826
29838592
24007739
28251621
13490733
55987508
25361451
71620236
11652499
27038457
35356044
51544811
36820149
23366752
77974550
22816699
29283207
55968574
11501934
82317663
11199386
15141484
13858600
96726034
87244048
82380719
26956751
43029486
41819080
45637426
52132675
81352865
56384984
45390734
87315599
59874527
80364536
69217598
50773953
16963510
15227450
42245034
67859571
70816353
91995026
25175379
79855965
29689716
43373386
56081228
34254414
61549878
38190582
70481609
48129337
80792342
25979992
27281704
41007571
31110012
39030756
82331964
39801155
66015072
74905781
54003177
95159826
91429414
36051152
28100022
42452162
60065607
15194620
94538422
77090213
